52,5
52,4
52,3
52,2
52,1
52,0
50,4
50,3
50,2
50,1
50,0
46,3
46,2
46,1
46,0
45,4
45,3
45,2
45,1
45,0
44,4
44,3
44,2
44,1
44,0
43,4
43,3
43,2
43,1
43,0
41,5
41,4
41,3
41,2
41,1
41,0
40,4
40,3
40,2
40,1
40,0
38,5
38,4
38,3
38,2
38,1
38,0
30,5
30,4
30,3
30,2
30,1
30,0
21,3
21,2
21,1
21,0
4,3
4,2
4,1
4,0
3,6
3,5
3,4
3,3
3,2
3,1
3,0
2,9
2,8
2,7
2,6
2,5
2,4
2,3
2,2
2,1
2,0
1,3
1,2
1,1
1,0
0,447
0,442
0,418
0,383
0,382
0,381
0,353
0,352
0,351
0,322
0,315
0,243
63,1
63,9
62,1
62,3
62,0
61,3
61,0
59,3
59,0
63,3
0,350
63,0
0,9
0,310
0,305
0,308
0,304
0,303
0,302
0,307
0,12
0,349
0,10
0,8
0,0
0,430
0,300
0,427
0,299
0,426
0,298
0,425
0,297
0,424
0,296
0,423
0,295
0,422
0,294
0,421
0,293
0,438
0,292
0,420
0,291
0,419
0,290
0,417
0,289
0,416
0,288
0,415
0,287
0,414
0,286
0,326
0,285
0,413
0,284
0,412
0,283
0,411
0,282
0,410
0,281
0,409
0,280
0,408
0,279
0,437
0,278
0,407
0,277
0,406
0,276
0,405
0,275
0,404
0,274
53,0
53,1
53,3
55,0
55,2
55,3
57,0
57,2
57,3
57,5
57,6
57,8
58,1
58,2
58,4
59,1
59,4
59,5
59,7
59,9
59,10
59,12
59,13
59,15
59,17
59,18
59,20
59,21
59,23
59,24
60,1
60,3
60,4
60,6
60,7
60,9
60,11
60,12
60,14
60,15
60,17
60,18
60,20
60,22
60,23
60,25
60,26
60,28
60,30
60,31
60,33
60,34
60,36
60,38
60,39
60,65
60,66
60,68
60,69
60,71
60,73
60,74
60,76
60,77
60,79
60,81
60,82
60,84
60,85
60,87
60,88
60,90
60,92
60,93
60,95
60,96
60,98
60,100
60,101
60,103
60,104
60,106
60,107
60,109
60,111
60,112
60,114
60,115
60,117
60,119
60,120
60,122
60,123
60,125
60,127
60,128
60,130
60,131
60,133
60,134
60,136
60,138
60,139
60,141
60,142
60,144
60,146
60,147
60,149
60,150
60,152
60,153
60,155
60,157
60,158
60,160
60,161
60,163
60,165
60,166
60,168
60,169
60,171
60,172
60,174
60,176
60,177
60,179
60,180
60,182
60,184
60,185
60,187
60,188
60,190
60,191
60,193
60,195
60,196
60,198
60,199
60,201
60,203
60,204
60,206
60,207
60,209
60,211
60,212
60,214
60,215
60,217
60,218
60,220
60,222
60,223
60,225
60,226
60,228
60,230
60,231
60,233
60,234
60,236
60,237
60,239
60,241
60,242
60,244
60,245
60,247
60,249
60,250
60,252
60,253
60,255
60,256
60,258
60,260
60,261
60,263
60,264
60,266
60,268
60,269
60,271
60,272
60,274
60,276
60,277
60,279
60,280
60,282
60,283
60,285
60,287
60,288
60,290
60,291
60,293
60,295
60,296
60,298
60,299
60,301
60,302
60,304
60,306
60,307
60,309
60,310
60,312
60,314
60,315
60,317
60,318
60,320
60,321
60,323
60,325
60,326
60,328
60,329
60,331
60,333
60,334
60,336
60,337
60,339
60,340
60,342
60,344
60,345
60,347
60,348
60,350
60,352
60,353
60,355
60,356
60,358
60,360
60,361
60,363
60,364
60,366
60,367
60,369
60,371
60,372
60,374
60,375
60,377
60,379
60,380
60,382
60,383
60,385
60,386
60,388
60,390
60,391
60,393
60,394
60,396
60,398
60,399
60,401
60,402
60,404
60,405
60,407
60,409
60,410
60,412
60,413
60,415
60,417
60,418
60,420
60,421
60,423
60,425
60,426
60,428
60,429
60,431
60,432
60,434
60,436
60,437
60,439
60,440
60,442
60,444
60,445
60,447
60,448
60,450
60,451
60,453
60,455
60,456
60,458
60,459
60,461
60,463
60,464
60,466
60,467
60,469
60,470
60,472
60,474
60,475
60,477
60,478
60,480
60,482
60,483
60,485
60,486
60,488
60,490
60,491
60,493
60,494
60,496
60,497
60,499
60,501
60,502
60,504
60,505
60,507
60,509
60,510
60,512
60,513
60,515
60,516
60,518
60,520
60,521
60,523
60,524
60,526
60,528
60,529
60,531
60,532
60,534
60,535
60,537
60,539
60,540
60,542
60,543
60,545
60,547
60,548
60,550
60,551
60,553
60,554
60,556
60,558
60,559
60,561
60,562
60,564
60,566
60,567
60,569
60,570
60,572
60,574
60,575
60,577
60,578
60,580
60,581
60,583
60,585
60,586
60,588
60,589
60,591
60,593
60,594
60,596
60,597
60,599
60,600
60,602
60,604
60,605
60,607
60,608
60,610
60,612
60,613
60,615
60,616
60,618
60,619
60,621
60,623
60,624
60,626
60,627
60,629
60,631
60,632
60,634
60,635
60,637
60,639
60,640
60,642
60,643
60,645
60,646
60,648
60,650
60,651
60,653
60,654
60,656
60,658
60,659
60,661
60,662
60,664
60,665
60,667
60,669
60,670
60,672
60,673
60,675
60,677
60,678
60,680
60,681
60,683
60,684
60,686
60,688
60,689
60,691
60,692
60,694
60,696
60,697
60,699
60,700
60,702
60,703
60,705
60,707
60,708
60,710
60,711
60,713
60,715
60,716
60,718
60,719
60,721
60,723
60,724
60,726
60,727
60,729
60,730
60,732
60,734
60,735
60,737
60,738
60,740
60,742
60,743
60,745
60,746
60,748
60,749
60,751
60,753
60,754
61,1
61,2
61,5
61,7
61,8
61,10
61,11
61,13
61,14
61,16
61,18
61,19
61,21
61,22
61,24
61,26
61,27
61,29
61,30
61,32
61,34
61,35
61,37
61,38
61,40
61,41
61,43
61,45
61,46
61,48
61,49
61,51
61,53
61,54
61,56
61,57
61,59
61,60
61,62
61,64
61,65
61,67
61,68
61,70
61,72
61,73
61,75
61,128
61,130
61,131
61,133
61,135
61,136
61,138
61,139
61,141
61,143
61,144
62,2
62,4
63,4
63,5
63,7
63,10
63,11
63,13
63,14
63,16
63,18
63,19
63,21
63,22
63,24
63,26
63,27
63,29
63,30
63,32
63,33
63,35
63,37
63,38
63,40
63,41
63,43
63,45
63,46
63,48
63,49
63,51
63,52
63,54
63,56
63,57
63,59
63,60
63,62
63,64
63,65
63,67
63,68
63,70
63,71
63,73
63,75
63,76
63,129
63,130
63,132
64,0
64,1
64,3
65,0
65,2
65,4
66,0
66,2
66,3
67,0
67,1
67,3
68,0
68,1
68,3
69,0
69,2
70,0
70,1
70,3
71,0
71,2
71,3
72,0
72,2
72,3
73,1
73,2
74,0
74,2
74,3
75,1
75,2
76,0
76,1
76,3
77,1
77,2
78,0
78,1
78,3
79,1
79,2
79,4
80,0
80,2
81,0
81,1
81,3
82,0
82,2
82,3
82,4
82,1
81,2
80,3
80,1
79,3
79,0
78,2
77,3
77,0
76,2
75,3
75,0
74,1
73,3
73,0
72,1
71,4
71,1
70,2
69,3
69,1
68,2
67,4
67,2
66,4
66,1
65,3
65,1
64,2
63,133
63,131
63,128
63,74
63,72
63,69
63,66
63,63
63,61
63,58
63,55
63,53
63,50
63,47
63,44
63,42
63,39
63,36
63,34
63,31
63,28
63,25
63,23
63,20
63,17
63,15
63,12
63,8
63,6
63,2
61,145
61,142
61,140
61,137
61,134
61,132
61,129
61,74
61,71
61,69
61,66
61,63
61,61
61,58
61,55
61,52
61,50
61,47
61,44
61,42
61,39
61,36
61,33
61,31
61,28
61,25
61,23
61,20
61,17
61,15
61,12
61,9
61,6
61,4
60,755
60,752
60,750
60,747
60,744
60,741
60,739
60,736
60,733
60,731
60,728
60,725
60,722
60,720
60,717
60,714
60,712
60,709
60,706
60,704
60,701
60,698
60,695
60,693
60,690
60,687
60,685
60,682
60,679
60,676
60,674
60,671
60,668
60,666
60,663
60,660
60,657
60,655
60,652
60,649
60,647
60,644
60,641
60,638
60,636
60,633
60,630
60,628
60,625
60,622
60,620
60,617
60,614
60,611
60,609
60,606
60,603
60,601
60,598
60,595
60,592
60,590
60,587
60,584
60,582
60,579
60,576
60,573
60,571
60,568
60,565
60,563
60,560
60,557
60,555
60,552
60,549
60,546
60,544
60,541
60,538
60,536
60,533
60,530
60,527
60,525
60,522
60,519
60,517
60,514
60,511
60,508
60,506
60,503
60,500
60,498
60,495
60,492
60,489
60,487
60,484
60,481
60,479
60,476
60,473
60,471
60,468
60,465
60,462
60,460
60,457
60,454
60,452
60,449
60,446
60,443
60,441
60,438
60,435
60,433
60,430
60,427
60,424
60,422
60,419
60,416
60,414
60,411
60,408
60,406
60,403
60,400
60,397
60,395
60,392
60,389
60,387
60,384
60,381
60,378
60,376
60,373
60,370
60,368
60,365
60,362
60,359
60,357
60,354
60,351
60,349
60,346
60,343
60,341
60,338
60,335
60,332
60,330
60,327
60,324
60,322
60,319
60,316
60,313
60,311
60,308
60,305
60,303
60,300
60,297
60,294
60,292
60,289
60,286
60,284
60,281
60,278
60,275
60,273
60,270
60,267
60,265
60,262
60,259
60,257
60,254
60,251
60,248
60,246
60,243
60,240
60,238
60,235
60,232
60,229
60,227
60,224
60,221
60,219
60,216
60,213
60,210
60,208
60,205
60,202
60,200
60,197
60,194
60,192
60,189
60,186
60,183
60,181
60,178
60,175
60,173
60,170
60,167
60,164
60,162
60,159
60,156
60,154
60,151
60,148
60,145
60,143
60,140
60,137
60,135
60,132
60,129
60,126
60,124
60,121
60,118
60,116
60,113
60,110
60,108
60,105
60,102
60,99
60,97
60,94
60,91
60,89
60,86
60,83
60,80
60,78
60,75
60,72
60,70
60,67
60,64
60,37
60,35
60,32
60,29
60,27
60,24
60,21
60,19
60,16
60,13
60,10
60,8
60,5
60,2
60,0
59,22
59,19
59,16
59,14
59,11
59,8
59,6
59,2
58,3
58,0
57,7
57,4
57,1
55,4
55,1
53,2
0,403
0,273
0,402
0,272
0,401
0,271
0,400
0,270
0,399
0,269
0,435
0,268
0,398
0,267
0,397
0,266
0,396
0,265
0,395
0,264
0,394
0,263
0,393
0,262
0,434
0,261
0,392
0,260
0,391
0,259
0,384
0,258
0,390
0,257
0,389
0,256
0,388
0,255
0,436
0,254
0,387
0,253
0,386
0,252
0,385
0,251
0,433
0,250
0,432
0,249
0,380
0,248
0,379
0,247
0,378
0,246
0,377
0,245
0,376
0,244
0,375
0,242
0,431
0,241
0,374
0,240
0,373
0,239
0,372
0,238
0,371
0,237
0,370
0,236
0,369
0,235
0,441
0,234
0,368
0,233
0,367
0,232
0,366
0,231
0,365
0,230
0,364
0,229
0,363
0,228
0,362
0,227
0,361
0,226
0,360
0,225
0,359
0,224
0,358
0,223
0,357
0,222
0,446
0,221
0,356
0,220
0,355
0,219
0,354
0,218
0,429
0,217
0,428
0,216
0,348
0,215
0,347
0,214
0,346
0,213
0,345
0,212
0,344
0,211
0,343
0,210
0,445
0,209
0,342
0,208
0,341
0,207
0,340
0,206
0,339
0,205
0,338
0,204
0,337
0,203
0,440
0,202
0,336
0,201
0,335
0,200
0,334
0,199
0,333
0,198
0,444
0,197
0,332
0,196
0,331
0,195
0,330
0,194
0,328
0,193
0,327
0,192
0,443
0,63
0,439
0,62
0,325
0,61
0,324
0,60
0,323
0,59
0,321
0,58
0,329
0,57
0,320
0,56
0,319
0,55
0,318
0,54
0,317
0,53
0,316
0,52
0,51
0,314
0,50
0,313
0,49
0,312
0,48
0,311
0,47
0,309
0,46
0,306
0,45
0,301
0,6
0,5
0,1
0,11
0,4
0,2
0,3
0,7
